24 20 21 20 21 20 21 20 21 38 21 38 21 38 21 25
23 24 21 20 21 20 21 20 21 38 21 38 21 38 25 26
22 23 4 3 4 3 4 1 2 3 4 3 4 3 27 27
23 22 3 16 14 16 14 16 14 16 14 16 14 4 26 26
22 23 19 36 32 11 32 11 32 11 32 11 35 14 27 27
23 42 6 37 9 10 9 10 9 10 9 10 34 5 26 26
22 43 19 36 12 11 12 11 12 11 12 11 15 14 27 27 
23 22 6 17 30 31 30 31 30 31 30 31 33 5 26 26
22 23 4 6 5 6 5 6 5 6 5 6 5 3 27 27
23 22 3 4 3 4 3 49 48 4 3 4 3 4 26 26
22 41 29 39 29 39 29 39 29 28 29 28 29 28 40 27
41 39 29 39 29 39 29 39 29 28 29 28 29 28 29 40